1 2 5 50
2 1 5 3 4
3 2 4 9 49
4 2 3 5 8 9
5 1 2 6 7 8 4
6 5 7 17 16
7 5 6 8 10 15 16
8 4 5 7 10 9 11
9 3 4 8 10 11 49
10 7 8 9 11 15 14 13
11 9 8 10 12 13 49
12 11 13 21 22
13 10 11 12 14 20 21
14 10 13 15 20
15 7 10 14 20 19 16
16 6 7 15 19 17 18
17 6 16 18
18 17 16 19 34 36
19 18 16 15 20 33 34
20 15 14 13 21 31 32 33 19
21 13 12 22 23 31 20
22 12 21 23
23 22 21 24 31
24 23 31 26 25
25 24 26
26 24 25 27 28 31
27 28 26
28 29 31 26 27
29 30 32 21 28 48
30 37 32 29 48 38
31 20 21 23 24 26 28 29 32
32 33 35 37 30 29 31 20
33 34 19 20 32 35
34 18 19 33 36
35 33 32 37 36
36 34 35 37
37 36 35 32 30 38
38 37 30 48 47 46 39
39 40 43 45 46 38
40 39 43 41
41 40 43 42
42 41
43 44 45 39 40 41
44 43 45
45 44 43 39
46 39 38 47
47 48 38 46
48 47 38 30 29
49 3 9 11
50 1